(kicad_pcb (version 20171130) (host pcbnew 5.1.5-5.1.5)

  (general
    (thickness 1.6)
    (drawings 43)
    (tracks 307)
    (zones 0)
    (modules 17)
    (nets 18)
  )

  (page A4)
  (layers
    (0 F.Cu signal)
    (31 B.Cu signal)
    (32 B.Adhes user)
    (33 F.Adhes user)
    (34 B.Paste user)
    (35 F.Paste user)
    (36 B.SilkS user)
    (37 F.SilkS user)
    (38 B.Mask user)
    (39 F.Mask user)
    (40 Dwgs.User user)
    (41 Cmts.User user)
    (42 Eco1.User user)
    (43 Eco2.User user)
    (44 Edge.Cuts user)
    (45 Margin user)
    (46 B.CrtYd user)
    (47 F.CrtYd user)
    (48 B.Fab user)
    (49 F.Fab user)
  )

  (setup
    (last_trace_width 0.25)
    (trace_clearance 0.2)
    (zone_clearance 0.508)
    (zone_45_only no)
    (trace_min 0.2)
    (via_size 0.8)
    (via_drill 0.4)
    (via_min_size 0.4)
    (via_min_drill 0.3)
    (uvia_size 0.3)
    (uvia_drill 0.1)
    (uvias_allowed no)
    (uvia_min_size 0.2)
    (uvia_min_drill 0.1)
    (edge_width 0.05)
    (segment_width 0.2)
    (pcb_text_width 0.3)
    (pcb_text_size 1.5 1.5)
    (mod_edge_width 0.12)
    (mod_text_size 1 1)
    (mod_text_width 0.15)
    (pad_size 1.524 1.524)
    (pad_drill 0.762)
    (pad_to_mask_clearance 0.051)
    (solder_mask_min_width 0.25)
    (aux_axis_origin 0 0)
    (visible_elements FFFFFF7F)
    (pcbplotparams
      (layerselection 0x010fc_ffffffff)
      (usegerberextensions false)
      (usegerberattributes false)
      (usegerberadvancedattributes false)
      (creategerberjobfile false)
      (excludeedgelayer true)
      (linewidth 0.100000)
      (plotframeref false)
      (viasonmask false)
      (mode 1)
      (useauxorigin false)
      (hpglpennumber 1)
      (hpglpenspeed 20)
      (hpglpendiameter 15.000000)
      (psnegative false)
      (psa4output false)
      (plotreference true)
      (plotvalue true)
      (plotinvisibletext false)
      (padsonsilk false)
      (subtractmaskfromsilk false)
      (outputformat 1)
      (mirror false)
      (drillshape 1)
      (scaleselection 1)
      (outputdirectory ""))
  )

  (net 0 "")
  (net 1 "Net-(J1-Pad3)")
  (net 2 "Net-(J1-Pad4)")
  (net 3 "Net-(J1-Pad5)")
  (net 4 "Net-(J1-Pad2)")
  (net 5 "Net-(J1-Pad1)")
  (net 6 "Net-(J1-Pad6)")
  (net 7 "Net-(J1-Pad7)")
  (net 8 "Net-(J3-Pad3)")
  (net 9 "Net-(J3-Pad4)")
  (net 10 "Net-(J3-Pad5)")
  (net 11 "Net-(J3-Pad2)")
  (net 12 "Net-(J3-Pad1)")
  (net 13 "Net-(J3-Pad6)")
  (net 14 "Net-(J3-Pad7)")
  (net 15 "Net-(J3-Pad8)")
  (net 16 "Net-(JP1-Pad1)")
  (net 17 "Net-(J2-Pad1)")

  (net_class Default "This is the default net class."
    (clearance 0.2)
    (trace_width 0.25)
    (via_dia 0.8)
    (via_drill 0.4)
    (uvia_dia 0.3)
    (uvia_drill 0.1)
    (add_net "Net-(J1-Pad1)")
    (add_net "Net-(J1-Pad2)")
    (add_net "Net-(J1-Pad3)")
    (add_net "Net-(J1-Pad4)")
    (add_net "Net-(J1-Pad5)")
    (add_net "Net-(J1-Pad6)")
    (add_net "Net-(J1-Pad7)")
    (add_net "Net-(J2-Pad1)")
    (add_net "Net-(J3-Pad1)")
    (add_net "Net-(J3-Pad2)")
    (add_net "Net-(J3-Pad3)")
    (add_net "Net-(J3-Pad4)")
    (add_net "Net-(J3-Pad5)")
    (add_net "Net-(J3-Pad6)")
    (add_net "Net-(J3-Pad7)")
    (add_net "Net-(J3-Pad8)")
    (add_net "Net-(JP1-Pad1)")
  )

  (module 74HC597-Breakout:Conn_Pads_8 (layer F.Cu) (tedit 5F50393C) (tstamp 5F50C5B4)
    (at 132.08 114.935 270)
    (path /5F539F92)
    (fp_text reference J3 (at 15.875 3.556 90) (layer F.SilkS)
      (effects (font (size 1 1) (thickness 0.15)))
    )
    (fp_text value Conn_01x08 (at 0 -1.905 90) (layer F.Fab)
      (effects (font (size 1 1) (thickness 0.15)))
    )
    (fp_circle (center -14.478 1.778) (end -14.224 1.778) (layer F.SilkS) (width 0.127))
    (fp_circle (center -14.478 1.778) (end -14.224 1.778) (layer B.SilkS) (width 0.127))
    (pad 8 thru_hole oval (at 13.335 2.54 270) (size 1.905 3.81) (drill 0.762 (offset 0 1.016)) (layers *.Cu *.Mask)
      (net 15 "Net-(J3-Pad8)"))
    (pad 7 thru_hole oval (at 9.525 2.54 270) (size 1.905 3.81) (drill 0.762 (offset 0 1.016)) (layers *.Cu *.Mask)
      (net 14 "Net-(J3-Pad7)"))
    (pad 6 thru_hole oval (at 5.715 2.54 270) (size 1.905 3.81) (drill 0.762 (offset 0 1.016)) (layers *.Cu *.Mask)
      (net 13 "Net-(J3-Pad6)"))
    (pad 1 thru_hole oval (at -13.335 2.54 270) (size 1.905 3.81) (drill 0.762 (offset 0 1.016)) (layers *.Cu *.Mask)
      (net 12 "Net-(J3-Pad1)"))
    (pad 2 thru_hole oval (at -9.525 2.54 270) (size 1.905 3.81) (drill 0.762 (offset 0 1.016)) (layers *.Cu *.Mask)
      (net 11 "Net-(J3-Pad2)"))
    (pad 5 thru_hole oval (at 1.905 2.54 270) (size 1.905 3.81) (drill 0.762 (offset 0 1.016)) (layers *.Cu *.Mask)
      (net 10 "Net-(J3-Pad5)"))
    (pad 4 thru_hole oval (at -1.905 2.54 270) (size 1.905 3.81) (drill 0.762 (offset 0 1.016)) (layers *.Cu *.Mask)
      (net 9 "Net-(J3-Pad4)"))
    (pad 3 thru_hole oval (at -5.715 2.54 270) (size 1.905 3.81) (drill 0.762 (offset 0 1.016)) (layers *.Cu *.Mask)
      (net 8 "Net-(J3-Pad3)"))
  )

  (module 74HC597-Breakout:Conn_Pads_7 (layer F.Cu) (tedit 5F503736) (tstamp 5F50F025)
    (at 144.018 99.568 180)
    (path /5F55E1C2)
    (fp_text reference J1 (at 13.97 3.556) (layer F.SilkS)
      (effects (font (size 1 1) (thickness 0.15)))
    )
    (fp_text value Conn_01x07 (at 0 -1.905) (layer F.Fab)
      (effects (font (size 1 1) (thickness 0.15)))
    )
    (pad 7 thru_hole oval (at 11.43 2.54 180) (size 1.905 3.81) (drill 0.762 (offset 0 1.016)) (layers *.Cu *.Mask)
      (net 7 "Net-(J1-Pad7)"))
    (pad 6 thru_hole oval (at 7.62 2.54 180) (size 1.905 3.81) (drill 0.762 (offset 0 1.016)) (layers *.Cu *.Mask)
      (net 6 "Net-(J1-Pad6)"))
    (pad 1 thru_hole oval (at -11.43 2.54 180) (size 1.905 3.81) (drill 0.762 (offset 0 1.016)) (layers *.Cu *.Mask)
      (net 5 "Net-(J1-Pad1)"))
    (pad 2 thru_hole oval (at -7.62 2.54 180) (size 1.905 3.81) (drill 0.762 (offset 0 1.016)) (layers *.Cu *.Mask)
      (net 4 "Net-(J1-Pad2)"))
    (pad 5 thru_hole oval (at 3.81 2.54 180) (size 1.905 3.81) (drill 0.762 (offset 0 1.016)) (layers *.Cu *.Mask)
      (net 3 "Net-(J1-Pad5)"))
    (pad 4 thru_hole oval (at 0 2.54 180) (size 1.905 3.81) (drill 0.762 (offset 0 1.016)) (layers *.Cu *.Mask)
      (net 2 "Net-(J1-Pad4)"))
    (pad 3 thru_hole oval (at -3.81 2.54 180) (size 1.905 3.81) (drill 0.762 (offset 0 1.016)) (layers *.Cu *.Mask)
      (net 1 "Net-(J1-Pad3)"))
  )

  (module 74HC597-Breakout:Conn_Pads_7 (layer F.Cu) (tedit 5F503736) (tstamp 5F50EFF0)
    (at 144.018 131.064)
    (path /5F567D51)
    (fp_text reference J2 (at -13.97 3.556) (layer F.SilkS)
      (effects (font (size 1 1) (thickness 0.15)))
    )
    (fp_text value Conn_01x07 (at 0 -1.905) (layer F.Fab)
      (effects (font (size 1 1) (thickness 0.15)))
    )
    (pad 7 thru_hole oval (at 11.43 2.54) (size 1.905 3.81) (drill 0.762 (offset 0 1.016)) (layers *.Cu *.Mask)
      (net 5 "Net-(J1-Pad1)"))
    (pad 6 thru_hole oval (at 7.62 2.54) (size 1.905 3.81) (drill 0.762 (offset 0 1.016)) (layers *.Cu *.Mask)
      (net 4 "Net-(J1-Pad2)"))
    (pad 1 thru_hole oval (at -11.43 2.54) (size 1.905 3.81) (drill 0.762 (offset 0 1.016)) (layers *.Cu *.Mask)
      (net 17 "Net-(J2-Pad1)"))
    (pad 2 thru_hole oval (at -7.62 2.54) (size 1.905 3.81) (drill 0.762 (offset 0 1.016)) (layers *.Cu *.Mask)
      (net 6 "Net-(J1-Pad6)"))
    (pad 5 thru_hole oval (at 3.81 2.54) (size 1.905 3.81) (drill 0.762 (offset 0 1.016)) (layers *.Cu *.Mask)
      (net 1 "Net-(J1-Pad3)"))
    (pad 4 thru_hole oval (at 0 2.54) (size 1.905 3.81) (drill 0.762 (offset 0 1.016)) (layers *.Cu *.Mask)
      (net 2 "Net-(J1-Pad4)"))
    (pad 3 thru_hole oval (at -3.81 2.54) (size 1.905 3.81) (drill 0.762 (offset 0 1.016)) (layers *.Cu *.Mask)
      (net 3 "Net-(J1-Pad5)"))
  )

  (module Jumper:SolderJumper-2_P1.3mm_Open_TrianglePad1.0x1.5mm (layer F.Cu) (tedit 5A64794F) (tstamp 5F507A6E)
    (at 150.114 118.491)
    (descr "SMD Solder Jumper, 1x1.5mm Triangular Pads, 0.3mm gap, open")
    (tags "solder jumper open")
    (path /5F52F8C8)
    (attr virtual)
    (fp_text reference JP1 (at 0 -2.032) (layer F.SilkS)
      (effects (font (size 1 1) (thickness 0.15)))
    )
    (fp_text value SolderJumper_2_Open (at 0 1.9) (layer F.Fab)
      (effects (font (size 1 1) (thickness 0.15)))
    )
    (fp_line (start 1.65 1.25) (end -1.65 1.25) (layer F.CrtYd) (width 0.05))
    (fp_line (start 1.65 1.25) (end 1.65 -1.25) (layer F.CrtYd) (width 0.05))
    (fp_line (start -1.65 -1.25) (end -1.65 1.25) (layer F.CrtYd) (width 0.05))
    (fp_line (start -1.65 -1.25) (end 1.65 -1.25) (layer F.CrtYd) (width 0.05))
    (fp_line (start -1.4 -1) (end 1.4 -1) (layer F.SilkS) (width 0.12))
    (fp_line (start 1.4 -1) (end 1.4 1) (layer F.SilkS) (width 0.12))
    (fp_line (start 1.4 1) (end -1.4 1) (layer F.SilkS) (width 0.12))
    (fp_line (start -1.4 1) (end -1.4 -1) (layer F.SilkS) (width 0.12))
    (pad 1 smd custom (at -0.725 0) (size 0.3 0.3) (layers F.Cu F.Mask)
      (net 16 "Net-(JP1-Pad1)") (zone_connect 2)
      (options (clearance outline) (anchor rect))
      (primitives
        (gr_poly (pts
           (xy -0.5 -0.75) (xy 0.5 -0.75) (xy 1 0) (xy 0.5 0.75) (xy -0.5 0.75)
) (width 0))
      ))
    (pad 2 smd custom (at 0.725 0) (size 0.3 0.3) (layers F.Cu F.Mask)
      (net 5 "Net-(J1-Pad1)") (zone_connect 2)
      (options (clearance outline) (anchor rect))
      (primitives
        (gr_poly (pts
           (xy -0.65 -0.75) (xy 0.5 -0.75) (xy 0.5 0.75) (xy -0.65 0.75) (xy -0.15 0)
) (width 0))
      ))
  )

  (module Jumper:SolderJumper-2_P1.3mm_Open_TrianglePad1.0x1.5mm (layer F.Cu) (tedit 5A64794F) (tstamp 5F507A7C)
    (at 144.817 118.491 180)
    (descr "SMD Solder Jumper, 1x1.5mm Triangular Pads, 0.3mm gap, open")
    (tags "solder jumper open")
    (path /5F5281D5)
    (attr virtual)
    (fp_text reference JP2 (at 0 2.032) (layer F.SilkS)
      (effects (font (size 1 1) (thickness 0.15)))
    )
    (fp_text value SolderJumper_2_Open (at -1.27 -3.81) (layer F.Fab)
      (effects (font (size 1 1) (thickness 0.15)))
    )
    (fp_line (start -1.4 1) (end -1.4 -1) (layer F.SilkS) (width 0.12))
    (fp_line (start 1.4 1) (end -1.4 1) (layer F.SilkS) (width 0.12))
    (fp_line (start 1.4 -1) (end 1.4 1) (layer F.SilkS) (width 0.12))
    (fp_line (start -1.4 -1) (end 1.4 -1) (layer F.SilkS) (width 0.12))
    (fp_line (start -1.65 -1.25) (end 1.65 -1.25) (layer F.CrtYd) (width 0.05))
    (fp_line (start -1.65 -1.25) (end -1.65 1.25) (layer F.CrtYd) (width 0.05))
    (fp_line (start 1.65 1.25) (end 1.65 -1.25) (layer F.CrtYd) (width 0.05))
    (fp_line (start 1.65 1.25) (end -1.65 1.25) (layer F.CrtYd) (width 0.05))
    (pad 2 smd custom (at 0.725 0 180) (size 0.3 0.3) (layers F.Cu F.Mask)
      (net 4 "Net-(J1-Pad2)") (zone_connect 2)
      (options (clearance outline) (anchor rect))
      (primitives
        (gr_poly (pts
           (xy -0.65 -0.75) (xy 0.5 -0.75) (xy 0.5 0.75) (xy -0.65 0.75) (xy -0.15 0)
) (width 0))
      ))
    (pad 1 smd custom (at -0.725 0 180) (size 0.3 0.3) (layers F.Cu F.Mask)
      (net 16 "Net-(JP1-Pad1)") (zone_connect 2)
      (options (clearance outline) (anchor rect))
      (primitives
        (gr_poly (pts
           (xy -0.5 -0.75) (xy 0.5 -0.75) (xy 1 0) (xy 0.5 0.75) (xy -0.5 0.75)
) (width 0))
      ))
  )

  (module Resistor_SMD:R_0805_2012Metric (layer F.Cu) (tedit 5B36C52B) (tstamp 5F50ADFE)
    (at 134.62 101.6 180)
    (descr "Resistor SMD 0805 (2012 Metric), square (rectangular) end terminal, IPC_7351 nominal, (Body size source: https://docs.google.com/spreadsheets/d/1BsfQQcO9C6DZCsRaXUlFlo91Tg2WpOkGARC1WS5S8t0/edit?usp=sharing), generated with kicad-footprint-generator")
    (tags resistor)
    (path /5F50508E)
    (attr smd)
    (fp_text reference R1 (at 0 -1.65) (layer F.SilkS)
      (effects (font (size 1 1) (thickness 0.15)))
    )
    (fp_text value R (at 0 1.65) (layer F.Fab)
      (effects (font (size 1 1) (thickness 0.15)))
    )
    (fp_line (start -1 0.6) (end -1 -0.6) (layer F.Fab) (width 0.1))
    (fp_line (start -1 -0.6) (end 1 -0.6) (layer F.Fab) (width 0.1))
    (fp_line (start 1 -0.6) (end 1 0.6) (layer F.Fab) (width 0.1))
    (fp_line (start 1 0.6) (end -1 0.6) (layer F.Fab) (width 0.1))
    (fp_line (start -0.258578 -0.71) (end 0.258578 -0.71) (layer F.SilkS) (width 0.12))
    (fp_line (start -0.258578 0.71) (end 0.258578 0.71) (layer F.SilkS) (width 0.12))
    (fp_line (start -1.68 0.95) (end -1.68 -0.95) (layer F.CrtYd) (width 0.05))
    (fp_line (start -1.68 -0.95) (end 1.68 -0.95) (layer F.CrtYd) (width 0.05))
    (fp_line (start 1.68 -0.95) (end 1.68 0.95) (layer F.CrtYd) (width 0.05))
    (fp_line (start 1.68 0.95) (end -1.68 0.95) (layer F.CrtYd) (width 0.05))
    (fp_text user %R (at 0 0) (layer F.Fab)
      (effects (font (size 0.5 0.5) (thickness 0.08)))
    )
    (pad 1 smd roundrect (at -0.9375 0 180) (size 0.975 1.4) (layers F.Cu F.Paste F.Mask) (roundrect_rratio 0.25)
      (net 16 "Net-(JP1-Pad1)"))
    (pad 2 smd roundrect (at 0.9375 0 180) (size 0.975 1.4) (layers F.Cu F.Paste F.Mask) (roundrect_rratio 0.25)
      (net 12 "Net-(J3-Pad1)"))
    (model ${KISYS3DMOD}/Resistor_SMD.3dshapes/R_0805_2012Metric.wrl
      (at (xyz 0 0 0))
      (scale (xyz 1 1 1))
      (rotate (xyz 0 0 0))
    )
  )

  (module Resistor_SMD:R_0805_2012Metric (layer F.Cu) (tedit 5B36C52B) (tstamp 5F507A9E)
    (at 134.62 105.41 180)
    (descr "Resistor SMD 0805 (2012 Metric), square (rectangular) end terminal, IPC_7351 nominal, (Body size source: https://docs.google.com/spreadsheets/d/1BsfQQcO9C6DZCsRaXUlFlo91Tg2WpOkGARC1WS5S8t0/edit?usp=sharing), generated with kicad-footprint-generator")
    (tags resistor)
    (path /5F507454)
    (attr smd)
    (fp_text reference R2 (at 0 -1.65) (layer F.SilkS)
      (effects (font (size 1 1) (thickness 0.15)))
    )
    (fp_text value R (at 0 1.65) (layer F.Fab)
      (effects (font (size 1 1) (thickness 0.15)))
    )
    (fp_text user %R (at 0 0) (layer F.Fab)
      (effects (font (size 0.5 0.5) (thickness 0.08)))
    )
    (fp_line (start 1.68 0.95) (end -1.68 0.95) (layer F.CrtYd) (width 0.05))
    (fp_line (start 1.68 -0.95) (end 1.68 0.95) (layer F.CrtYd) (width 0.05))
    (fp_line (start -1.68 -0.95) (end 1.68 -0.95) (layer F.CrtYd) (width 0.05))
    (fp_line (start -1.68 0.95) (end -1.68 -0.95) (layer F.CrtYd) (width 0.05))
    (fp_line (start -0.258578 0.71) (end 0.258578 0.71) (layer F.SilkS) (width 0.12))
    (fp_line (start -0.258578 -0.71) (end 0.258578 -0.71) (layer F.SilkS) (width 0.12))
    (fp_line (start 1 0.6) (end -1 0.6) (layer F.Fab) (width 0.1))
    (fp_line (start 1 -0.6) (end 1 0.6) (layer F.Fab) (width 0.1))
    (fp_line (start -1 -0.6) (end 1 -0.6) (layer F.Fab) (width 0.1))
    (fp_line (start -1 0.6) (end -1 -0.6) (layer F.Fab) (width 0.1))
    (pad 2 smd roundrect (at 0.9375 0 180) (size 0.975 1.4) (layers F.Cu F.Paste F.Mask) (roundrect_rratio 0.25)
      (net 11 "Net-(J3-Pad2)"))
    (pad 1 smd roundrect (at -0.9375 0 180) (size 0.975 1.4) (layers F.Cu F.Paste F.Mask) (roundrect_rratio 0.25)
      (net 16 "Net-(JP1-Pad1)"))
    (model ${KISYS3DMOD}/Resistor_SMD.3dshapes/R_0805_2012Metric.wrl
      (at (xyz 0 0 0))
      (scale (xyz 1 1 1))
      (rotate (xyz 0 0 0))
    )
  )

  (module Resistor_SMD:R_0805_2012Metric (layer F.Cu) (tedit 5B36C52B) (tstamp 5F507AAF)
    (at 134.62 109.22 180)
    (descr "Resistor SMD 0805 (2012 Metric), square (rectangular) end terminal, IPC_7351 nominal, (Body size source: https://docs.google.com/spreadsheets/d/1BsfQQcO9C6DZCsRaXUlFlo91Tg2WpOkGARC1WS5S8t0/edit?usp=sharing), generated with kicad-footprint-generator")
    (tags resistor)
    (path /5F50A228)
    (attr smd)
    (fp_text reference R3 (at 0 -1.65) (layer F.SilkS)
      (effects (font (size 1 1) (thickness 0.15)))
    )
    (fp_text value R (at 0 1.65) (layer F.Fab)
      (effects (font (size 1 1) (thickness 0.15)))
    )
    (fp_line (start -1 0.6) (end -1 -0.6) (layer F.Fab) (width 0.1))
    (fp_line (start -1 -0.6) (end 1 -0.6) (layer F.Fab) (width 0.1))
    (fp_line (start 1 -0.6) (end 1 0.6) (layer F.Fab) (width 0.1))
    (fp_line (start 1 0.6) (end -1 0.6) (layer F.Fab) (width 0.1))
    (fp_line (start -0.258578 -0.71) (end 0.258578 -0.71) (layer F.SilkS) (width 0.12))
    (fp_line (start -0.258578 0.71) (end 0.258578 0.71) (layer F.SilkS) (width 0.12))
    (fp_line (start -1.68 0.95) (end -1.68 -0.95) (layer F.CrtYd) (width 0.05))
    (fp_line (start -1.68 -0.95) (end 1.68 -0.95) (layer F.CrtYd) (width 0.05))
    (fp_line (start 1.68 -0.95) (end 1.68 0.95) (layer F.CrtYd) (width 0.05))
    (fp_line (start 1.68 0.95) (end -1.68 0.95) (layer F.CrtYd) (width 0.05))
    (fp_text user %R (at 0 0) (layer F.Fab)
      (effects (font (size 0.5 0.5) (thickness 0.08)))
    )
    (pad 1 smd roundrect (at -0.9375 0 180) (size 0.975 1.4) (layers F.Cu F.Paste F.Mask) (roundrect_rratio 0.25)
      (net 16 "Net-(JP1-Pad1)"))
    (pad 2 smd roundrect (at 0.9375 0 180) (size 0.975 1.4) (layers F.Cu F.Paste F.Mask) (roundrect_rratio 0.25)
      (net 8 "Net-(J3-Pad3)"))
    (model ${KISYS3DMOD}/Resistor_SMD.3dshapes/R_0805_2012Metric.wrl
      (at (xyz 0 0 0))
      (scale (xyz 1 1 1))
      (rotate (xyz 0 0 0))
    )
  )

  (module Resistor_SMD:R_0805_2012Metric (layer F.Cu) (tedit 5B36C52B) (tstamp 5F507AC0)
    (at 134.62 113.03 180)
    (descr "Resistor SMD 0805 (2012 Metric), square (rectangular) end terminal, IPC_7351 nominal, (Body size source: https://docs.google.com/spreadsheets/d/1BsfQQcO9C6DZCsRaXUlFlo91Tg2WpOkGARC1WS5S8t0/edit?usp=sharing), generated with kicad-footprint-generator")
    (tags resistor)
    (path /5F50C277)
    (attr smd)
    (fp_text reference R4 (at 0 -1.65) (layer F.SilkS)
      (effects (font (size 1 1) (thickness 0.15)))
    )
    (fp_text value R (at 0 1.65) (layer F.Fab)
      (effects (font (size 1 1) (thickness 0.15)))
    )
    (fp_text user %R (at 0 0) (layer F.Fab)
      (effects (font (size 0.5 0.5) (thickness 0.08)))
    )
    (fp_line (start 1.68 0.95) (end -1.68 0.95) (layer F.CrtYd) (width 0.05))
    (fp_line (start 1.68 -0.95) (end 1.68 0.95) (layer F.CrtYd) (width 0.05))
    (fp_line (start -1.68 -0.95) (end 1.68 -0.95) (layer F.CrtYd) (width 0.05))
    (fp_line (start -1.68 0.95) (end -1.68 -0.95) (layer F.CrtYd) (width 0.05))
    (fp_line (start -0.258578 0.71) (end 0.258578 0.71) (layer F.SilkS) (width 0.12))
    (fp_line (start -0.258578 -0.71) (end 0.258578 -0.71) (layer F.SilkS) (width 0.12))
    (fp_line (start 1 0.6) (end -1 0.6) (layer F.Fab) (width 0.1))
    (fp_line (start 1 -0.6) (end 1 0.6) (layer F.Fab) (width 0.1))
    (fp_line (start -1 -0.6) (end 1 -0.6) (layer F.Fab) (width 0.1))
    (fp_line (start -1 0.6) (end -1 -0.6) (layer F.Fab) (width 0.1))
    (pad 2 smd roundrect (at 0.9375 0 180) (size 0.975 1.4) (layers F.Cu F.Paste F.Mask) (roundrect_rratio 0.25)
      (net 9 "Net-(J3-Pad4)"))
    (pad 1 smd roundrect (at -0.9375 0 180) (size 0.975 1.4) (layers F.Cu F.Paste F.Mask) (roundrect_rratio 0.25)
      (net 16 "Net-(JP1-Pad1)"))
    (model ${KISYS3DMOD}/Resistor_SMD.3dshapes/R_0805_2012Metric.wrl
      (at (xyz 0 0 0))
      (scale (xyz 1 1 1))
      (rotate (xyz 0 0 0))
    )
  )

  (module Resistor_SMD:R_0805_2012Metric (layer F.Cu) (tedit 5B36C52B) (tstamp 5F507AD1)
    (at 134.62 116.84)
    (descr "Resistor SMD 0805 (2012 Metric), square (rectangular) end terminal, IPC_7351 nominal, (Body size source: https://docs.google.com/spreadsheets/d/1BsfQQcO9C6DZCsRaXUlFlo91Tg2WpOkGARC1WS5S8t0/edit?usp=sharing), generated with kicad-footprint-generator")
    (tags resistor)
    (path /5F50A9C3)
    (attr smd)
    (fp_text reference R5 (at 0 1.778) (layer F.SilkS)
      (effects (font (size 1 1) (thickness 0.15)))
    )
    (fp_text value R (at 0 1.65) (layer F.Fab)
      (effects (font (size 1 1) (thickness 0.15)))
    )
    (fp_text user %R (at 0 0) (layer F.Fab)
      (effects (font (size 0.5 0.5) (thickness 0.08)))
    )
    (fp_line (start 1.68 0.95) (end -1.68 0.95) (layer F.CrtYd) (width 0.05))
    (fp_line (start 1.68 -0.95) (end 1.68 0.95) (layer F.CrtYd) (width 0.05))
    (fp_line (start -1.68 -0.95) (end 1.68 -0.95) (layer F.CrtYd) (width 0.05))
    (fp_line (start -1.68 0.95) (end -1.68 -0.95) (layer F.CrtYd) (width 0.05))
    (fp_line (start -0.258578 0.71) (end 0.258578 0.71) (layer F.SilkS) (width 0.12))
    (fp_line (start -0.258578 -0.71) (end 0.258578 -0.71) (layer F.SilkS) (width 0.12))
    (fp_line (start 1 0.6) (end -1 0.6) (layer F.Fab) (width 0.1))
    (fp_line (start 1 -0.6) (end 1 0.6) (layer F.Fab) (width 0.1))
    (fp_line (start -1 -0.6) (end 1 -0.6) (layer F.Fab) (width 0.1))
    (fp_line (start -1 0.6) (end -1 -0.6) (layer F.Fab) (width 0.1))
    (pad 2 smd roundrect (at 0.9375 0) (size 0.975 1.4) (layers F.Cu F.Paste F.Mask) (roundrect_rratio 0.25)
      (net 16 "Net-(JP1-Pad1)"))
    (pad 1 smd roundrect (at -0.9375 0) (size 0.975 1.4) (layers F.Cu F.Paste F.Mask) (roundrect_rratio 0.25)
      (net 10 "Net-(J3-Pad5)"))
    (model ${KISYS3DMOD}/Resistor_SMD.3dshapes/R_0805_2012Metric.wrl
      (at (xyz 0 0 0))
      (scale (xyz 1 1 1))
      (rotate (xyz 0 0 0))
    )
  )

  (module Resistor_SMD:R_0805_2012Metric (layer F.Cu) (tedit 5B36C52B) (tstamp 5F50841A)
    (at 134.62 120.65 180)
    (descr "Resistor SMD 0805 (2012 Metric), square (rectangular) end terminal, IPC_7351 nominal, (Body size source: https://docs.google.com/spreadsheets/d/1BsfQQcO9C6DZCsRaXUlFlo91Tg2WpOkGARC1WS5S8t0/edit?usp=sharing), generated with kicad-footprint-generator")
    (tags resistor)
    (path /5F50B0C4)
    (attr smd)
    (fp_text reference R6 (at 0 -1.65) (layer F.SilkS)
      (effects (font (size 1 1) (thickness 0.15)))
    )
    (fp_text value R (at 0 1.65) (layer F.Fab)
      (effects (font (size 1 1) (thickness 0.15)))
    )
    (fp_line (start -1 0.6) (end -1 -0.6) (layer F.Fab) (width 0.1))
    (fp_line (start -1 -0.6) (end 1 -0.6) (layer F.Fab) (width 0.1))
    (fp_line (start 1 -0.6) (end 1 0.6) (layer F.Fab) (width 0.1))
    (fp_line (start 1 0.6) (end -1 0.6) (layer F.Fab) (width 0.1))
    (fp_line (start -0.258578 -0.71) (end 0.258578 -0.71) (layer F.SilkS) (width 0.12))
    (fp_line (start -0.258578 0.71) (end 0.258578 0.71) (layer F.SilkS) (width 0.12))
    (fp_line (start -1.68 0.95) (end -1.68 -0.95) (layer F.CrtYd) (width 0.05))
    (fp_line (start -1.68 -0.95) (end 1.68 -0.95) (layer F.CrtYd) (width 0.05))
    (fp_line (start 1.68 -0.95) (end 1.68 0.95) (layer F.CrtYd) (width 0.05))
    (fp_line (start 1.68 0.95) (end -1.68 0.95) (layer F.CrtYd) (width 0.05))
    (fp_text user %R (at 0 0 180) (layer F.Fab)
      (effects (font (size 0.5 0.5) (thickness 0.08)))
    )
    (pad 1 smd roundrect (at -0.9375 0 180) (size 0.975 1.4) (layers F.Cu F.Paste F.Mask) (roundrect_rratio 0.25)
      (net 16 "Net-(JP1-Pad1)"))
    (pad 2 smd roundrect (at 0.9375 0 180) (size 0.975 1.4) (layers F.Cu F.Paste F.Mask) (roundrect_rratio 0.25)
      (net 13 "Net-(J3-Pad6)"))
    (model ${KISYS3DMOD}/Resistor_SMD.3dshapes/R_0805_2012Metric.wrl
      (at (xyz 0 0 0))
      (scale (xyz 1 1 1))
      (rotate (xyz 0 0 0))
    )
  )

  (module Resistor_SMD:R_0805_2012Metric (layer F.Cu) (tedit 5B36C52B) (tstamp 5F507AF3)
    (at 134.62 124.46 180)
    (descr "Resistor SMD 0805 (2012 Metric), square (rectangular) end terminal, IPC_7351 nominal, (Body size source: https://docs.google.com/spreadsheets/d/1BsfQQcO9C6DZCsRaXUlFlo91Tg2WpOkGARC1WS5S8t0/edit?usp=sharing), generated with kicad-footprint-generator")
    (tags resistor)
    (path /5F50BA65)
    (attr smd)
    (fp_text reference R7 (at 0 -1.65) (layer F.SilkS)
      (effects (font (size 1 1) (thickness 0.15)))
    )
    (fp_text value R (at 0 1.65) (layer F.Fab)
      (effects (font (size 1 1) (thickness 0.15)))
    )
    (fp_text user %R (at 0 0) (layer F.Fab)
      (effects (font (size 0.5 0.5) (thickness 0.08)))
    )
    (fp_line (start 1.68 0.95) (end -1.68 0.95) (layer F.CrtYd) (width 0.05))
    (fp_line (start 1.68 -0.95) (end 1.68 0.95) (layer F.CrtYd) (width 0.05))
    (fp_line (start -1.68 -0.95) (end 1.68 -0.95) (layer F.CrtYd) (width 0.05))
    (fp_line (start -1.68 0.95) (end -1.68 -0.95) (layer F.CrtYd) (width 0.05))
    (fp_line (start -0.258578 0.71) (end 0.258578 0.71) (layer F.SilkS) (width 0.12))
    (fp_line (start -0.258578 -0.71) (end 0.258578 -0.71) (layer F.SilkS) (width 0.12))
    (fp_line (start 1 0.6) (end -1 0.6) (layer F.Fab) (width 0.1))
    (fp_line (start 1 -0.6) (end 1 0.6) (layer F.Fab) (width 0.1))
    (fp_line (start -1 -0.6) (end 1 -0.6) (layer F.Fab) (width 0.1))
    (fp_line (start -1 0.6) (end -1 -0.6) (layer F.Fab) (width 0.1))
    (pad 2 smd roundrect (at 0.9375 0 180) (size 0.975 1.4) (layers F.Cu F.Paste F.Mask) (roundrect_rratio 0.25)
      (net 14 "Net-(J3-Pad7)"))
    (pad 1 smd roundrect (at -0.9375 0 180) (size 0.975 1.4) (layers F.Cu F.Paste F.Mask) (roundrect_rratio 0.25)
      (net 16 "Net-(JP1-Pad1)"))
    (model ${KISYS3DMOD}/Resistor_SMD.3dshapes/R_0805_2012Metric.wrl
      (at (xyz 0 0 0))
      (scale (xyz 1 1 1))
      (rotate (xyz 0 0 0))
    )
  )

  (module Resistor_SMD:R_0805_2012Metric (layer F.Cu) (tedit 5B36C52B) (tstamp 5F507B04)
    (at 134.62 128.27 180)
    (descr "Resistor SMD 0805 (2012 Metric), square (rectangular) end terminal, IPC_7351 nominal, (Body size source: https://docs.google.com/spreadsheets/d/1BsfQQcO9C6DZCsRaXUlFlo91Tg2WpOkGARC1WS5S8t0/edit?usp=sharing), generated with kicad-footprint-generator")
    (tags resistor)
    (path /5F50DEF5)
    (attr smd)
    (fp_text reference R8 (at 0 -1.65) (layer F.SilkS)
      (effects (font (size 1 1) (thickness 0.15)))
    )
    (fp_text value R (at 0 1.65) (layer F.Fab)
      (effects (font (size 1 1) (thickness 0.15)))
    )
    (fp_line (start -1 0.6) (end -1 -0.6) (layer F.Fab) (width 0.1))
    (fp_line (start -1 -0.6) (end 1 -0.6) (layer F.Fab) (width 0.1))
    (fp_line (start 1 -0.6) (end 1 0.6) (layer F.Fab) (width 0.1))
    (fp_line (start 1 0.6) (end -1 0.6) (layer F.Fab) (width 0.1))
    (fp_line (start -0.258578 -0.71) (end 0.258578 -0.71) (layer F.SilkS) (width 0.12))
    (fp_line (start -0.258578 0.71) (end 0.258578 0.71) (layer F.SilkS) (width 0.12))
    (fp_line (start -1.68 0.95) (end -1.68 -0.95) (layer F.CrtYd) (width 0.05))
    (fp_line (start -1.68 -0.95) (end 1.68 -0.95) (layer F.CrtYd) (width 0.05))
    (fp_line (start 1.68 -0.95) (end 1.68 0.95) (layer F.CrtYd) (width 0.05))
    (fp_line (start 1.68 0.95) (end -1.68 0.95) (layer F.CrtYd) (width 0.05))
    (fp_text user %R (at 0 0) (layer F.Fab)
      (effects (font (size 0.5 0.5) (thickness 0.08)))
    )
    (pad 1 smd roundrect (at -0.9375 0 180) (size 0.975 1.4) (layers F.Cu F.Paste F.Mask) (roundrect_rratio 0.25)
      (net 16 "Net-(JP1-Pad1)"))
    (pad 2 smd roundrect (at 0.9375 0 180) (size 0.975 1.4) (layers F.Cu F.Paste F.Mask) (roundrect_rratio 0.25)
      (net 15 "Net-(J3-Pad8)"))
    (model ${KISYS3DMOD}/Resistor_SMD.3dshapes/R_0805_2012Metric.wrl
      (at (xyz 0 0 0))
      (scale (xyz 1 1 1))
      (rotate (xyz 0 0 0))
    )
  )

  (module Package_SO:SOIC-16_3.9x9.9mm_P1.27mm (layer F.Cu) (tedit 5D9F72B1) (tstamp 5F507B26)
    (at 147.385 109.855)
    (descr "SOIC, 16 Pin (JEDEC MS-012AC, https://www.analog.com/media/en/package-pcb-resources/package/pkg_pdf/soic_narrow-r/r_16.pdf), generated with kicad-footprint-generator ipc_gullwing_generator.py")
    (tags "SOIC SO")
    (path /5F504068)
    (attr smd)
    (fp_text reference U1 (at 0 -5.9) (layer F.SilkS)
      (effects (font (size 1 1) (thickness 0.15)))
    )
    (fp_text value 74HC597 (at 0 5.9) (layer F.Fab)
      (effects (font (size 1 1) (thickness 0.15)))
    )
    (fp_line (start 0 5.06) (end 1.95 5.06) (layer F.SilkS) (width 0.12))
    (fp_line (start 0 5.06) (end -1.95 5.06) (layer F.SilkS) (width 0.12))
    (fp_line (start 0 -5.06) (end 1.95 -5.06) (layer F.SilkS) (width 0.12))
    (fp_line (start 0 -5.06) (end -3.45 -5.06) (layer F.SilkS) (width 0.12))
    (fp_line (start -0.975 -4.95) (end 1.95 -4.95) (layer F.Fab) (width 0.1))
    (fp_line (start 1.95 -4.95) (end 1.95 4.95) (layer F.Fab) (width 0.1))
    (fp_line (start 1.95 4.95) (end -1.95 4.95) (layer F.Fab) (width 0.1))
    (fp_line (start -1.95 4.95) (end -1.95 -3.975) (layer F.Fab) (width 0.1))
    (fp_line (start -1.95 -3.975) (end -0.975 -4.95) (layer F.Fab) (width 0.1))
    (fp_line (start -3.7 -5.2) (end -3.7 5.2) (layer F.CrtYd) (width 0.05))
    (fp_line (start -3.7 5.2) (end 3.7 5.2) (layer F.CrtYd) (width 0.05))
    (fp_line (start 3.7 5.2) (end 3.7 -5.2) (layer F.CrtYd) (width 0.05))
    (fp_line (start 3.7 -5.2) (end -3.7 -5.2) (layer F.CrtYd) (width 0.05))
    (fp_text user %R (at 0 0) (layer F.Fab)
      (effects (font (size 0.98 0.98) (thickness 0.15)))
    )
    (pad 1 smd roundrect (at -2.475 -4.445) (size 1.95 0.6) (layers F.Cu F.Paste F.Mask) (roundrect_rratio 0.25)
      (net 11 "Net-(J3-Pad2)"))
    (pad 2 smd roundrect (at -2.475 -3.175) (size 1.95 0.6) (layers F.Cu F.Paste F.Mask) (roundrect_rratio 0.25)
      (net 8 "Net-(J3-Pad3)"))
    (pad 3 smd roundrect (at -2.475 -1.905) (size 1.95 0.6) (layers F.Cu F.Paste F.Mask) (roundrect_rratio 0.25)
      (net 9 "Net-(J3-Pad4)"))
    (pad 4 smd roundrect (at -2.475 -0.635) (size 1.95 0.6) (layers F.Cu F.Paste F.Mask) (roundrect_rratio 0.25)
      (net 10 "Net-(J3-Pad5)"))
    (pad 5 smd roundrect (at -2.475 0.635) (size 1.95 0.6) (layers F.Cu F.Paste F.Mask) (roundrect_rratio 0.25)
      (net 13 "Net-(J3-Pad6)"))
    (pad 6 smd roundrect (at -2.475 1.905) (size 1.95 0.6) (layers F.Cu F.Paste F.Mask) (roundrect_rratio 0.25)
      (net 14 "Net-(J3-Pad7)"))
    (pad 7 smd roundrect (at -2.475 3.175) (size 1.95 0.6) (layers F.Cu F.Paste F.Mask) (roundrect_rratio 0.25)
      (net 15 "Net-(J3-Pad8)"))
    (pad 8 smd roundrect (at -2.475 4.445) (size 1.95 0.6) (layers F.Cu F.Paste F.Mask) (roundrect_rratio 0.25)
      (net 4 "Net-(J1-Pad2)"))
    (pad 9 smd roundrect (at 2.475 4.445) (size 1.95 0.6) (layers F.Cu F.Paste F.Mask) (roundrect_rratio 0.25)
      (net 17 "Net-(J2-Pad1)"))
    (pad 10 smd roundrect (at 2.475 3.175) (size 1.95 0.6) (layers F.Cu F.Paste F.Mask) (roundrect_rratio 0.25)
      (net 1 "Net-(J1-Pad3)"))
    (pad 11 smd roundrect (at 2.475 1.905) (size 1.95 0.6) (layers F.Cu F.Paste F.Mask) (roundrect_rratio 0.25)
      (net 2 "Net-(J1-Pad4)"))
    (pad 12 smd roundrect (at 2.475 0.635) (size 1.95 0.6) (layers F.Cu F.Paste F.Mask) (roundrect_rratio 0.25)
      (net 3 "Net-(J1-Pad5)"))
    (pad 13 smd roundrect (at 2.475 -0.635) (size 1.95 0.6) (layers F.Cu F.Paste F.Mask) (roundrect_rratio 0.25)
      (net 6 "Net-(J1-Pad6)"))
    (pad 14 smd roundrect (at 2.475 -1.905) (size 1.95 0.6) (layers F.Cu F.Paste F.Mask) (roundrect_rratio 0.25)
      (net 7 "Net-(J1-Pad7)"))
    (pad 15 smd roundrect (at 2.475 -3.175) (size 1.95 0.6) (layers F.Cu F.Paste F.Mask) (roundrect_rratio 0.25)
      (net 12 "Net-(J3-Pad1)"))
    (pad 16 smd roundrect (at 2.475 -4.445) (size 1.95 0.6) (layers F.Cu F.Paste F.Mask) (roundrect_rratio 0.25)
      (net 5 "Net-(J1-Pad1)"))
    (model ${KISYS3DMOD}/Package_SO.3dshapes/SOIC-16_3.9x9.9mm_P1.27mm.wrl
      (at (xyz 0 0 0))
      (scale (xyz 1 1 1))
      (rotate (xyz 0 0 0))
    )
  )

  (module Connector_Molex:Molex_PicoBlade_53261-0771_1x07-1MP_P1.25mm_Horizontal (layer B.Cu) (tedit 5B78AD89) (tstamp 5F50ED55)
    (at 147.828 101.346)
    (descr "Molex PicoBlade series connector, 53261-0771 (http://www.molex.com/pdm_docs/sd/532610271_sd.pdf), generated with kicad-footprint-generator")
    (tags "connector Molex PicoBlade top entry")
    (path /5F5D6BC1)
    (attr smd)
    (fp_text reference J4 (at 0 4.4) (layer B.SilkS)
      (effects (font (size 1 1) (thickness 0.15)) (justify mirror))
    )
    (fp_text value Conn_01x07 (at 0 -3.8) (layer B.Fab)
      (effects (font (size 1 1) (thickness 0.15)) (justify mirror))
    )
    (fp_line (start -5.25 1.6) (end 5.25 1.6) (layer B.Fab) (width 0.1))
    (fp_line (start -5.36 1.26) (end -5.36 1.71) (layer B.SilkS) (width 0.12))
    (fp_line (start -5.36 1.71) (end -4.41 1.71) (layer B.SilkS) (width 0.12))
    (fp_line (start -4.41 1.71) (end -4.41 3.2) (layer B.SilkS) (width 0.12))
    (fp_line (start 5.36 1.26) (end 5.36 1.71) (layer B.SilkS) (width 0.12))
    (fp_line (start 5.36 1.71) (end 4.41 1.71) (layer B.SilkS) (width 0.12))
    (fp_line (start -5.36 -2.26) (end -5.36 -2.71) (layer B.SilkS) (width 0.12))
    (fp_line (start -5.36 -2.71) (end 5.36 -2.71) (layer B.SilkS) (width 0.12))
    (fp_line (start 5.36 -2.71) (end 5.36 -2.26) (layer B.SilkS) (width 0.12))
    (fp_line (start -5.25 -2.6) (end 5.25 -2.6) (layer B.Fab) (width 0.1))
    (fp_line (start -5.25 1.6) (end -5.25 -2.6) (layer B.Fab) (width 0.1))
    (fp_line (start 5.25 1.6) (end 5.25 -2.6) (layer B.Fab) (width 0.1))
    (fp_line (start -5.25 0.6) (end -6.75 0.6) (layer B.Fab) (width 0.1))
    (fp_line (start -6.75 0.6) (end -6.95 0.4) (layer B.Fab) (width 0.1))
    (fp_line (start -6.95 0.4) (end -6.95 -1.4) (layer B.Fab) (width 0.1))
    (fp_line (start -6.95 -1.4) (end -6.75 -1.6) (layer B.Fab) (width 0.1))
    (fp_line (start -6.75 -1.6) (end -6.75 -2.2) (layer B.Fab) (width 0.1))
    (fp_line (start -6.75 -2.2) (end -5.25 -2.2) (layer B.Fab) (width 0.1))
    (fp_line (start 5.25 0.6) (end 6.75 0.6) (layer B.Fab) (width 0.1))
    (fp_line (start 6.75 0.6) (end 6.95 0.4) (layer B.Fab) (width 0.1))
    (fp_line (start 6.95 0.4) (end 6.95 -1.4) (layer B.Fab) (width 0.1))
    (fp_line (start 6.95 -1.4) (end 6.75 -1.6) (layer B.Fab) (width 0.1))
    (fp_line (start 6.75 -1.6) (end 6.75 -2.2) (layer B.Fab) (width 0.1))
    (fp_line (start 6.75 -2.2) (end 5.25 -2.2) (layer B.Fab) (width 0.1))
    (fp_line (start -7.85 3.7) (end -7.85 -3.1) (layer B.CrtYd) (width 0.05))
    (fp_line (start -7.85 -3.1) (end 7.85 -3.1) (layer B.CrtYd) (width 0.05))
    (fp_line (start 7.85 -3.1) (end 7.85 3.7) (layer B.CrtYd) (width 0.05))
    (fp_line (start 7.85 3.7) (end -7.85 3.7) (layer B.CrtYd) (width 0.05))
    (fp_line (start -4.25 1.6) (end -3.75 0.892893) (layer B.Fab) (width 0.1))
    (fp_line (start -3.75 0.892893) (end -3.25 1.6) (layer B.Fab) (width 0.1))
    (fp_text user %R (at 0 -1.9) (layer B.Fab)
      (effects (font (size 1 1) (thickness 0.15)) (justify mirror))
    )
    (pad 1 smd roundrect (at -3.75 2.4) (size 0.8 1.6) (layers B.Cu B.Paste B.Mask) (roundrect_rratio 0.25)
      (net 7 "Net-(J1-Pad7)"))
    (pad 2 smd roundrect (at -2.5 2.4) (size 0.8 1.6) (layers B.Cu B.Paste B.Mask) (roundrect_rratio 0.25)
      (net 6 "Net-(J1-Pad6)"))
    (pad 3 smd roundrect (at -1.25 2.4) (size 0.8 1.6) (layers B.Cu B.Paste B.Mask) (roundrect_rratio 0.25)
      (net 3 "Net-(J1-Pad5)"))
    (pad 4 smd roundrect (at 0 2.4) (size 0.8 1.6) (layers B.Cu B.Paste B.Mask) (roundrect_rratio 0.25)
      (net 2 "Net-(J1-Pad4)"))
    (pad 5 smd roundrect (at 1.25 2.4) (size 0.8 1.6) (layers B.Cu B.Paste B.Mask) (roundrect_rratio 0.25)
      (net 1 "Net-(J1-Pad3)"))
    (pad 6 smd roundrect (at 2.5 2.4) (size 0.8 1.6) (layers B.Cu B.Paste B.Mask) (roundrect_rratio 0.25)
      (net 4 "Net-(J1-Pad2)"))
    (pad 7 smd roundrect (at 3.75 2.4) (size 0.8 1.6) (layers B.Cu B.Paste B.Mask) (roundrect_rratio 0.25)
      (net 5 "Net-(J1-Pad1)"))
    (pad MP smd roundrect (at -6.3 -0.5) (size 2.1 3) (layers B.Cu B.Paste B.Mask) (roundrect_rratio 0.119048))
    (pad MP smd roundrect (at 6.3 -0.5) (size 2.1 3) (layers B.Cu B.Paste B.Mask) (roundrect_rratio 0.119048))
    (model ${KISYS3DMOD}/Connector_Molex.3dshapes/Molex_PicoBlade_53261-0771_1x07-1MP_P1.25mm_Horizontal.wrl
      (at (xyz 0 0 0))
      (scale (xyz 1 1 1))
      (rotate (xyz 0 0 0))
    )
  )

  (module Connector_Molex:Molex_PicoBlade_53261-0771_1x07-1MP_P1.25mm_Horizontal (layer B.Cu) (tedit 5B78AD89) (tstamp 5F50EF13)
    (at 147.828 129.286 180)
    (descr "Molex PicoBlade series connector, 53261-0771 (http://www.molex.com/pdm_docs/sd/532610271_sd.pdf), generated with kicad-footprint-generator")
    (tags "connector Molex PicoBlade top entry")
    (path /5F5D5941)
    (attr smd)
    (fp_text reference J5 (at 0 4.4) (layer B.SilkS)
      (effects (font (size 1 1) (thickness 0.15)) (justify mirror))
    )
    (fp_text value Conn_01x07 (at 0 -3.8) (layer B.Fab)
      (effects (font (size 1 1) (thickness 0.15)) (justify mirror))
    )
    (fp_text user %R (at 0 -1.9) (layer B.Fab)
      (effects (font (size 1 1) (thickness 0.15)) (justify mirror))
    )
    (fp_line (start -3.75 0.892893) (end -3.25 1.6) (layer B.Fab) (width 0.1))
    (fp_line (start -4.25 1.6) (end -3.75 0.892893) (layer B.Fab) (width 0.1))
    (fp_line (start 7.85 3.7) (end -7.85 3.7) (layer B.CrtYd) (width 0.05))
    (fp_line (start 7.85 -3.1) (end 7.85 3.7) (layer B.CrtYd) (width 0.05))
    (fp_line (start -7.85 -3.1) (end 7.85 -3.1) (layer B.CrtYd) (width 0.05))
    (fp_line (start -7.85 3.7) (end -7.85 -3.1) (layer B.CrtYd) (width 0.05))
    (fp_line (start 6.75 -2.2) (end 5.25 -2.2) (layer B.Fab) (width 0.1))
    (fp_line (start 6.75 -1.6) (end 6.75 -2.2) (layer B.Fab) (width 0.1))
    (fp_line (start 6.95 -1.4) (end 6.75 -1.6) (layer B.Fab) (width 0.1))
    (fp_line (start 6.95 0.4) (end 6.95 -1.4) (layer B.Fab) (width 0.1))
    (fp_line (start 6.75 0.6) (end 6.95 0.4) (layer B.Fab) (width 0.1))
    (fp_line (start 5.25 0.6) (end 6.75 0.6) (layer B.Fab) (width 0.1))
    (fp_line (start -6.75 -2.2) (end -5.25 -2.2) (layer B.Fab) (width 0.1))
    (fp_line (start -6.75 -1.6) (end -6.75 -2.2) (layer B.Fab) (width 0.1))
    (fp_line (start -6.95 -1.4) (end -6.75 -1.6) (layer B.Fab) (width 0.1))
    (fp_line (start -6.95 0.4) (end -6.95 -1.4) (layer B.Fab) (width 0.1))
    (fp_line (start -6.75 0.6) (end -6.95 0.4) (layer B.Fab) (width 0.1))
    (fp_line (start -5.25 0.6) (end -6.75 0.6) (layer B.Fab) (width 0.1))
    (fp_line (start 5.25 1.6) (end 5.25 -2.6) (layer B.Fab) (width 0.1))
    (fp_line (start -5.25 1.6) (end -5.25 -2.6) (layer B.Fab) (width 0.1))
    (fp_line (start -5.25 -2.6) (end 5.25 -2.6) (layer B.Fab) (width 0.1))
    (fp_line (start 5.36 -2.71) (end 5.36 -2.26) (layer B.SilkS) (width 0.12))
    (fp_line (start -5.36 -2.71) (end 5.36 -2.71) (layer B.SilkS) (width 0.12))
    (fp_line (start -5.36 -2.26) (end -5.36 -2.71) (layer B.SilkS) (width 0.12))
    (fp_line (start 5.36 1.71) (end 4.41 1.71) (layer B.SilkS) (width 0.12))
    (fp_line (start 5.36 1.26) (end 5.36 1.71) (layer B.SilkS) (width 0.12))
    (fp_line (start -4.41 1.71) (end -4.41 3.2) (layer B.SilkS) (width 0.12))
    (fp_line (start -5.36 1.71) (end -4.41 1.71) (layer B.SilkS) (width 0.12))
    (fp_line (start -5.36 1.26) (end -5.36 1.71) (layer B.SilkS) (width 0.12))
    (fp_line (start -5.25 1.6) (end 5.25 1.6) (layer B.Fab) (width 0.1))
    (pad MP smd roundrect (at 6.3 -0.5 180) (size 2.1 3) (layers B.Cu B.Paste B.Mask) (roundrect_rratio 0.119048))
    (pad MP smd roundrect (at -6.3 -0.5 180) (size 2.1 3) (layers B.Cu B.Paste B.Mask) (roundrect_rratio 0.119048))
    (pad 7 smd roundrect (at 3.75 2.4 180) (size 0.8 1.6) (layers B.Cu B.Paste B.Mask) (roundrect_rratio 0.25)
      (net 17 "Net-(J2-Pad1)"))
    (pad 6 smd roundrect (at 2.5 2.4 180) (size 0.8 1.6) (layers B.Cu B.Paste B.Mask) (roundrect_rratio 0.25)
      (net 6 "Net-(J1-Pad6)"))
    (pad 5 smd roundrect (at 1.25 2.4 180) (size 0.8 1.6) (layers B.Cu B.Paste B.Mask) (roundrect_rratio 0.25)
      (net 3 "Net-(J1-Pad5)"))
    (pad 4 smd roundrect (at 0 2.4 180) (size 0.8 1.6) (layers B.Cu B.Paste B.Mask) (roundrect_rratio 0.25)
      (net 2 "Net-(J1-Pad4)"))
    (pad 3 smd roundrect (at -1.25 2.4 180) (size 0.8 1.6) (layers B.Cu B.Paste B.Mask) (roundrect_rratio 0.25)
      (net 1 "Net-(J1-Pad3)"))
    (pad 2 smd roundrect (at -2.5 2.4 180) (size 0.8 1.6) (layers B.Cu B.Paste B.Mask) (roundrect_rratio 0.25)
      (net 4 "Net-(J1-Pad2)"))
    (pad 1 smd roundrect (at -3.75 2.4 180) (size 0.8 1.6) (layers B.Cu B.Paste B.Mask) (roundrect_rratio 0.25)
      (net 5 "Net-(J1-Pad1)"))
    (model ${KISYS3DMOD}/Connector_Molex.3dshapes/Molex_PicoBlade_53261-0771_1x07-1MP_P1.25mm_Horizontal.wrl
      (at (xyz 0 0 0))
